[sie][Equalizer#0]
numBands=4

[sie][Equalizer#0#left]
band0Frequency=60
band0Gain=-11.100001335144043
band0Q=4.360000133514404
band0Type=2
band10Type=0
band11Type=0
band12Type=0
band13Type=0
band14Type=0
band15Type=0
band16Type=0
band17Type=0
band18Type=0
band19Type=0
band1Frequency=120
band1Gain=1
band1Q=0.9
band20Type=0
band21Type=0
band22Type=0
band23Type=0
band24Type=0
band25Type=0
band26Type=0
band27Type=0
band28Type=0
band29Type=0
band2Frequency=400
band2Gain=-3.01
band2Q=0.9
band30Type=0
band31Type=0
band3Frequency=12000
band3Gain=10.14
band3Q=1.1
band3Type=3
band4Type=0
band5Type=0
band6Type=0
band7Type=0
band8Type=0
band9Type=0

[sie][Equalizer#0#right]
band0Frequency=60
band0Gain=-11.100001335144043
band0Q=4.360000133514404
band0Type=2
band10Type=0
band11Type=0
band12Type=0
band13Type=0
band14Type=0
band15Type=0
band16Type=0
band17Type=0
band18Type=0
band19Type=0
band1Frequency=120
band1Gain=1
band1Q=0.9
band20Type=0
band21Type=0
band22Type=0
band23Type=0
band24Type=0
band25Type=0
band26Type=0
band27Type=0
band28Type=0
band29Type=0
band2Frequency=400
band2Gain=-3.01
band2Q=0.9
band30Type=0
band31Type=0
band3Frequency=12000
band3Gain=10.14
band3Q=1.1
band3Type=3
band4Type=0
band5Type=0
band6Type=0
band7Type=0
band8Type=0
band9Type=0
