[sie][Equalizer#0]
numBands=4

[sie][Equalizer#0#left]
band0Frequency=60
band0Gain=-11.100001335144043
band0Q=4.360000133514404
band0Type=2
band10Type=0
band11Type=0
band12Type=0
band13Type=0
band14Type=0
band15Type=0
band16Type=0
band17Type=0
band18Type=0
band19Type=0
band1Frequency=120
band1Gain=1
band1Q=0.9
band20Type=0
band21Type=0
band22Type=0
band23Type=0
band24Type=0
band25Type=0
band26Type=0
band27Type=0
band28Type=0
band29Type=0
band2Frequency=400
band2Gain=-3.01
band2Q=0.9
band30Type=0
band31Type=0
band3Frequency=12000
band3Gain=10.14
band3Q=1.1
band3Type=3
band4Type=0
band5Type=0
band6Type=0
band7Type=0
band8Type=0
band9Type=0

[sie][Equalizer#0#right]
band0Frequency=60
band0Gain=-11.100001335144043
band0Q=4.360000133514404
band0Type=2
band10Type=0
band11Type=0
band12Type=0
band13Type=0
band14Type=0
band15Type=0
band16Type=0
band17Type=0
band18Type=0
band19Type=0
band1Frequency=120
band1Gain=1
band1Q=0.9
band20Type=0
band21Type=0
band22Type=0
band23Type=0
band24Type=0
band25Type=0
band26Type=0
band27Type=0
band28Type=0
band29Type=0
band2Frequency=400
band2Gain=-3.01
band2Q=0.9
band30Type=0
band31Type=0
band3Frequency=12000
band3Gain=10.14
band3Q=1.1
band3Type=3
band4Type=0
band5Type=0
band6Type=0
band7Type=0
band8Type=0
band9Type=0

[soe][Equalizer#0]
bypass=true
numBands=10

[soe][Equalizer#0#left]
band0Frequency=105
band0Gain=-3.8999999999999986
band0Mode=6
band0Q=0.699999988079071
band0Type=5
band10Type=0
band11Type=0
band12Type=0
band13Type=0
band14Type=0
band15Type=0
band16Type=0
band17Type=0
band18Type=0
band19Type=0
band1Frequency=102.5
band1Gain=-3.1499999999999986
band1Mode=6
band1Q=1.6100000143051147
band20Type=0
band21Type=0
band22Type=0
band23Type=0
band24Type=0
band25Type=0
band26Type=0
band27Type=0
band28Type=0
band29Type=0
band2Frequency=167.3000030517578
band2Gain=-2.4099999999999966
band2Mode=6
band2Q=1.2799999713897705
band30Type=0
band31Type=0
band3Frequency=419.1000061035156
band3Gain=-3.8999999999999986
band3Mode=6
band3Q=1.2899999618530273
band4Frequency=783.7999877929688
band4Gain=-6.120000000000001
band4Mode=6
band4Q=1.6299999952316284
band5Frequency=983.5999755859375
band5Gain=-5.939999999999998
band5Mode=6
band5Q=1.9299999475479126
band6Frequency=1331.5999755859375
band6Gain=-3.8999999999999986
band6Mode=6
band6Q=2.009999990463257
band7Frequency=2633.5
band7Gain=-1.1099999999999994
band7Mode=6
band7Q=4.53000020980835
band8Frequency=3786.5
band8Gain=2.6000000000000014
band8Mode=6
band8Q=2.859999895095825
band9Frequency=10000
band9Gain=6.310000000000002
band9Mode=6
band9Q=0.699999988079071
band9Type=3

[soe][Equalizer#0#right]
band0Frequency=105
band0Gain=-3.8999999999999986
band0Mode=6
band0Q=0.699999988079071
band0Type=5
band10Type=0
band11Type=0
band12Type=0
band13Type=0
band14Type=0
band15Type=0
band16Type=0
band17Type=0
band18Type=0
band19Type=0
band1Frequency=102.5
band1Gain=-3.1499999999999986
band1Mode=6
band1Q=1.6100000143051147
band20Type=0
band21Type=0
band22Type=0
band23Type=0
band24Type=0
band25Type=0
band26Type=0
band27Type=0
band28Type=0
band29Type=0
band2Frequency=167.3000030517578
band2Gain=-2.4099999999999966
band2Mode=6
band2Q=1.2799999713897705
band30Type=0
band31Type=0
band3Frequency=419.1000061035156
band3Gain=-3.8999999999999986
band3Mode=6
band3Q=1.2899999618530273
band4Frequency=783.7999877929688
band4Gain=-6.120000000000001
band4Mode=6
band4Q=1.6299999952316284
band5Frequency=983.5999755859375
band5Gain=-5.939999999999998
band5Mode=6
band5Q=1.9299999475479126
band6Frequency=1331.5999755859375
band6Gain=-3.8999999999999986
band6Mode=6
band6Q=2.009999990463257
band7Frequency=2633.5
band7Gain=-1.1099999999999994
band7Mode=6
band7Q=4.53000020980835
band8Frequency=3786.5
band8Gain=2.6000000000000014
band8Mode=6
band8Q=2.859999895095825
band9Frequency=10000
band9Gain=6.310000000000002
band9Mode=6
band9Q=0.699999988079071
band9Type=3
