[sie][Equalizer#0]
numBands=4

[sie][Equalizer#0#left]
band0Frequency=60
band0Gain=-11.100001335144043
band0Q=4.360000133514404
band0Type=2
band10Type=0
band11Type=0
band12Type=0
band13Type=0
band14Type=0
band15Type=0
band16Type=0
band17Type=0
band18Type=0
band19Type=0
band1Frequency=120
band1Gain=1
band1Q=0.9
band20Type=0
band21Type=0
band22Type=0
band23Type=0
band24Type=0
band25Type=0
band26Type=0
band27Type=0
band28Type=0
band29Type=0
band2Frequency=400
band2Gain=-3.01
band2Q=0.9
band30Type=0
band31Type=0
band3Frequency=12000
band3Gain=10.14
band3Q=1.1
band3Type=3
band4Type=0
band5Type=0
band6Type=0
band7Type=0
band8Type=0
band9Type=0

[sie][Equalizer#0#right]
band0Frequency=60
band0Gain=-11.100001335144043
band0Q=4.360000133514404
band0Type=2
band10Type=0
band11Type=0
band12Type=0
band13Type=0
band14Type=0
band15Type=0
band16Type=0
band17Type=0
band18Type=0
band19Type=0
band1Frequency=120
band1Gain=1
band1Q=0.9
band20Type=0
band21Type=0
band22Type=0
band23Type=0
band24Type=0
band25Type=0
band26Type=0
band27Type=0
band28Type=0
band29Type=0
band2Frequency=400
band2Gain=-3.01
band2Q=0.9
band30Type=0
band31Type=0
band3Frequency=12000
band3Gain=10.14
band3Q=1.1
band3Type=3
band4Type=0
band5Type=0
band6Type=0
band7Type=0
band8Type=0
band9Type=0

[soe][Equalizer#0]
inputGain=-5
numBands=10

[soe][Equalizer#0#left]
band0Frequency=32
band0Gain=-5
band0Mode=6
band0Q=0.6666666865348816
band0Type=5
band10Type=0
band11Type=0
band12Type=0
band13Type=0
band14Type=0
band15Type=0
band16Type=0
band17Type=0
band18Type=0
band19Type=0
band1Frequency=64
band1Gain=-2.9000000953674316
band1Mode=6
band1Q=1.850000023841858
band20Type=0
band21Type=0
band22Type=0
band23Type=0
band24Type=0
band25Type=0
band26Type=0
band27Type=0
band28Type=0
band29Type=0
band2Frequency=125
band2Gain=-5
band2Mode=6
band2Q=2.1700000762939453
band30Type=0
band31Type=0
band3Frequency=250
band3Gain=3.5
band3Mode=6
band3Q=1.909999966621399
band4Frequency=500
band4Gain=5
band4Mode=6
band4Q=2.690000057220459
band5Frequency=1000
band5Gain=-1.5
band5Mode=6
band5Q=1.7999999523162842
band6Frequency=2000
band6Gain=-1.5
band6Mode=6
band6Q=3.140000104904175
band7Frequency=4000
band7Gain=5.5
band7Mode=6
band7Q=4.059999942779541
band8Frequency=8000
band8Gain=-5.5
band8Mode=6
band8Q=1.2899999618530273
band9Frequency=16000
band9Gain=-1.5
band9Mode=6
band9Q=0.6666666865348816
band9Type=3

[soe][Equalizer#0#right]
band0Frequency=32
band0Gain=-5
band0Mode=6
band0Q=0.6666666865348816
band0Type=5
band10Type=0
band11Type=0
band12Type=0
band13Type=0
band14Type=0
band15Type=0
band16Type=0
band17Type=0
band18Type=0
band19Type=0
band1Frequency=64
band1Gain=-2.9000000953674316
band1Mode=6
band1Q=1.850000023841858
band20Type=0
band21Type=0
band22Type=0
band23Type=0
band24Type=0
band25Type=0
band26Type=0
band27Type=0
band28Type=0
band29Type=0
band2Frequency=125
band2Gain=-5
band2Mode=6
band2Q=2.1700000762939453
band30Type=0
band31Type=0
band3Frequency=250
band3Gain=3.5
band3Mode=6
band3Q=1.909999966621399
band4Frequency=500
band4Gain=5
band4Mode=6
band4Q=2.690000057220459
band5Frequency=1000
band5Gain=-1.5
band5Mode=6
band5Q=1.7999999523162842
band6Frequency=2000
band6Gain=-1.5
band6Mode=6
band6Q=3.140000104904175
band7Frequency=4000
band7Gain=5.5
band7Mode=6
band7Q=4.059999942779541
band8Frequency=8000
band8Gain=-5.5
band8Mode=6
band8Q=1.2899999618530273
band9Frequency=16000
band9Gain=-1.5
band9Mode=6
band9Q=0.6666666865348816
band9Type=3
